当前日期;次日日期;涨跌幅(%);振幅(%);成交额(千万元);次日涨跌(1=涨,0=跌,-1=最新数据)
20251022;;-0.440;1.330;101.240;-1
20251021;20251022;2.710;2.928;183.897;0
20251020;20251021;0.680;1.584;111.163;1
20251017;20251020;-2.220;2.902;148.499;1
20251016;20251017;-2.170;3.037;142.941;0
20251015;20251016;0.880;2.418;138.296;0
20251014;20251015;-1.720;4.077;189.320;1
20251013;20251014;-2.320;4.667;195.504;0
20251010;20251013;1.060;3.822;256.462;0
20251009;20251010;0.000;1.702;206.622;1
20250930;20251009;-0.630;2.326;190.070;0
20250929;20250930;0.420;2.760;192.600;0
20250926;20250929;-0.840;2.960;191.422;1
20250925;20250926;-1.450;2.292;201.568;0
20250924;20250925;1.260;2.954;227.263;0
20250923;20250924;-4.420;5.444;354.343;1
20250922;20250923;0.610;3.055;286.829;0
20250919;20250922;-4.440;4.845;450.853;1
20250918;20250919;-3.720;6.145;727.915;0
20250917;20250918;-3.060;2.545;594.736;0
20250916;20250917;4.320;3.683;871.067;0
20250915;20250916;-2.390;3.499;623.188;1
20250912;20250915;-2.680;3.237;814.501;0
20250911;20250912;-0.360;3.993;1267.750;0
20250910;20250911;6.840;10.057;1726.214;0
20250909;20250910;-5.400;5.292;896.339;1
20250908;20250909;3.730;6.691;1287.226;0
20250905;20250908;0.190;6.513;1051.564;1
20250904;20250905;0.750;7.590;1855.768;1
20250903;20250904;6.410;11.400;1238.159;1
20250902;20250903;-0.990;3.740;457.434;1
20250901;20250902;4.130;5.785;598.829;0
20250829;20250901;0.000;3.719;344.294;1
20250828;20250829;0.620;6.418;451.899;0
20250827;20250828;-2.830;6.640;627.542;1
20250826;20250827;2.700;4.583;553.549;0
20250825;20250826;0.000;2.484;334.378;1
20250822;20250825;-0.410;1.860;286.626;0
20250821;20250822;-1.220;3.673;351.563;0
20250820;20250821;2.080;2.720;413.341;0
20250819;20250820;1.050;2.526;393.039;1
20250818;20250819;3.260;3.896;421.088;1
20250815;20250818;0.880;1.535;169.120;1
20250814;20250815;-2.980;3.397;256.297;1
20250813;20250814;0.000;1.496;191.784;0
20250812;20250813;-0.420;1.483;176.456;0
20250811;20250812;1.290;2.796;234.796;0
20250808;20250811;-1.060;1.496;195.535;1
20250807;20250808;-0.420;1.691;236.390;0
20250806;20250807;1.720;1.923;441.600;0
20250805;20250806;2.650;4.185;495.423;1
20250804;20250805;1.120;3.146;157.532;1
20250801;20250804;0.670;2.022;137.927;1
20250731;20250801;-1.550;2.444;189.606;1
20250730;20250731;-1.530;2.614;196.884;0
20250729;20250730;-1.500;2.366;223.842;0
20250728;20250729;0.870;1.509;244.870;0
20250725;20250728;0.430;1.732;192.975;1
20250724;20250725;1.550;2.655;230.365;1
20250723;20250724;-1.950;2.397;232.682;1
20250722;20250723;-0.220;2.160;248.436;0
20250721;20250722;2.210;2.418;309.452;0
20250718;20250721;-0.880;2.183;174.608;1
20250717;20250718;1.560;2.444;225.989;0
20250716;20250717;0.900;3.097;244.047;1
20250715;20250716;-1.760;3.753;249.830;1
20250714;20250715;-0.660;2.183;183.240;0
20250711;20250714;0.660;2.212;263.005;0
20250710;20250711;0.440;1.774;162.395;1
20250709;20250710;-0.880;1.754;182.955;1
20250708;20250709;0.880;2.000;174.441;0
20250707;20250708;0.890;2.232;140.466;1
20250704;20250707;-1.750;2.188;188.392;1
20250703;20250704;0.880;1.552;204.900;0
20250702;20250703;-2.160;2.826;240.518;1
20250701;20250702;1.090;2.179;343.692;0
20250630;20250701;0.000;1.304;255.557;1
20250627;20250630;-0.870;2.366;368.573;0
20250626;20250627;1.320;5.286;695.708;0
20250625;20250626;-2.990;5.544;870.374;1
20250624;20250625;10.090;9.836;867.644;0
20250623;20250624;1.190;3.333;114.453;1
20250620;20250623;-0.710;3.546;153.766;1
20250619;20250620;-1.850;3.738;164.112;0
20250618;20250619;1.170;4.225;176.584;0
20250617;20250618;0.230;1.415;107.568;1
20250616;20250617;0.000;1.425;84.173;1
20250613;20250616;-2.520;2.752;174.318;0
20250612;20250613;-1.130;1.364;104.925;0
20250611;20250612;0.230;2.283;151.497;0
20250610;20250611;-1.120;3.371;219.264;1
20250609;20250610;2.530;2.752;233.039;0
20250606;20250609;-1.580;1.810;135.246;1
20250605;20250606;0.680;2.050;149.848;0
20250604;20250605;0.230;1.831;101.201;1
20250603;20250604;-0.450;2.558;111.880;1
20250530;20250603;-2.220;2.455;190.717;0
20250529;20250530;1.350;3.620;241.032;0
20250528;20250529;0.000;1.810;125.117;1
20250527;20250528;-1.770;1.563;159.264;0
20250526;20250527;2.030;4.100;229.167;0
20250523;20250526;-1.340;2.691;240.701;1
20250522;20250523;-2.390;3.680;322.660;0
20250521;20250522;-6.120;3.178;708.228;0
20250520;20250521;7.220;7.923;1186.959;0
20250519;20250520;1.560;3.333;207.957;1
20250516;20250519;0.670;3.160;183.293;1
20250515;20250516;-3.870;3.254;300.802;1
20250514;20250515;1.530;4.793;482.766;0
20250513;20250514;-1.290;3.797;328.892;1
20250512;20250513;1.530;1.957;265.957;0
20250509;20250512;-1.300;5.832;328.968;1
20250508;20250509;1.540;4.185;370.880;0
20250507;20250508;0.440;3.696;391.358;1
20250506;20250507;6.570;8.257;533.038;1
20250430;20250506;1.910;3.325;197.929;1
20250429;20250430;-1.880;3.555;214.499;1
20250428;20250429;-2.290;3.440;181.468;0
20250425;20250428;0.000;2.059;150.806;0
20250424;20250425;-3.750;3.982;214.332;0
20250423;20250424;1.340;1.552;216.578;0
20250422;20250423;-1.320;2.643;168.225;1
20250421;20250422;3.660;4.805;212.123;0
20250418;20250421;0.000;2.069;158.307;1
20250417;20250418;0.000;3.233;162.259;0
20250416;20250417;-2.890;4.709;217.478;0
20250415;20250416;-1.100;3.326;250.910;0
20250414;20250415;1.790;2.851;330.636;0
20250411;20250414;2.760;7.692;426.682;1
20250410;20250411;2.350;3.704;386.744;1
20250409;20250410;5.720;20.000;512.634;1
20250408;20250409;-6.510;9.500;409.484;1
20250407;20250408;-10.040;5.145;143.758;0
20250403;20250407;-0.830;2.306;165.386;0
20250402;20250403;-0.410;2.079;171.918;0
20250401;20250402;-0.820;3.030;205.192;0
20250331;20250401;-2.980;5.422;360.133;0
20250328;20250331;-2.140;3.107;268.207;0
20250327;20250328;-1.720;3.455;283.622;0
20250326;20250327;1.360;3.529;273.682;0
20250325;20250326;-2.460;3.409;287.725;1
20250324;20250325;-2.220;6.654;485.580;0
20250321;20250324;-4.750;4.278;548.083;0
20250320;20250321;-0.700;3.665;507.726;0
20250319;20250320;-1.890;1.560;420.914;0
20250318;20250319;-2.020;2.881;685.488;0
20250317;20250318;2.590;3.966;978.012;0
20250314;20250317;1.750;2.967;754.232;1
20250313;20250314;-2.230;4.991;951.787;1
20250312;20250313;-1.850;5.500;1806.188;0
20250311;20250312;10.000;12.806;1036.954;0
20250310;20250311;-0.370;3.166;383.102;1
20250307;20250310;-1.450;6.972;662.915;0
20250306;20250307;1.850;3.333;599.908;0
20250305;20250306;3.250;5.792;561.726;1
20250304;20250305;0.580;4.305;390.384;1
20250303;20250304;-3.530;8.523;608.289;1
20250228;20250303;-9.110;8.247;921.817;0
20250227;20250228;3.130;9.649;1126.019;0
20250226;20250227;1.770;4.433;681.995;1
20250225;20250226;-1.570;5.714;655.556;1
20250224;20250225;-4.490;4.034;901.886;0
20250221;20250224;-1.310;3.279;1067.204;0
20250220;20250221;1.000;9.564;1637.068;0
20250219;20250220;4.150;7.218;1490.711;1
20250218;20250219;1.050;8.839;1647.296;1
20250217;20250218;3.620;5.636;1085.698;1
20250214;20250217;-6.430;5.565;1174.294;1
20250213;20250214;4.790;12.522;1892.674;0
20250212;20250213;0.530;5.818;1336.185;1
20250211;20250212;-3.440;7.288;1700.203;1
20250210;20250211;10.040;9.594;2005.658;0
20250207;20250210;10.000;11.019;1624.322;1
20250206;20250207;4.350;6.926;753.601;1
20250205;20250206;4.070;4.260;589.273;1
20250127;20250205;-6.160;7.627;438.645;1
20250124;20250127;0.430;8.026;785.195;0
20250123;20250124;0.430;6.067;793.214;1
20250122;20250123;-4.110;3.758;606.922;1
20250121;20250122;-4.700;6.849;940.087;0
20250120;20250121;-1.540;6.923;1127.182;0
20250117;20250120;5.060;9.796;1611.972;0
20250116;20250117;1.650;5.123;1401.283;1
20250115;20250116;5.420;6.148;1644.589;1
20250114;20250115;10.020;7.710;512.683;1
20250113;20250114;-8.520;7.045;882.908;1
20250110;20250113;1.330;9.932;1361.738;0
20250109;20250110;-1.090;6.565;1730.521;1
20250108;20250109;10.120;7.674;1318.352;0
20250107;20250108;10.080;9.788;736.980;1
20250106;20250107;-4.800;6.410;510.728;1
20250103;20250106;-7.910;9.133;677.315;0
20250102;20250103;2.870;11.244;936.236;0
